0.998853
0.011569
0.014340
0.997536
0.000000
0.083999
0.000095
0.000017
0.000005
0.000003
0.000056
0.999997
0.000001
0.478826
0.019085
1.000000
0.000000
0.000083
0.042917
0.000051
0.437587
0.999994
0.999514
0.851387
1.000000
0.999996
0.020506
0.000002
0.972999
0.000432
0.000000
0.134998
0.033221
1.000000
0.999984
0.000000
0.000000
0.001005
0.000000
0.998230
0.003838
0.994883
0.002539
0.000617
0.006692
0.000020
0.018110
0.737816
0.000003
0.975205
0.987998
0.813941
0.091470
0.999554
0.023994
0.999957
0.540620
0.970138
0.016481
0.999950
0.510973
0.000002
0.060195
0.978843
0.032881
0.000000
0.999932
0.999969
0.999999
0.999694
0.591320
0.785226
0.000001
0.999623
0.892060
0.999301
0.891660
0.999115
0.014405
0.070863
0.019113
0.998589
0.999273
0.007024
0.999967
0.034750
0.997412
0.135909
0.013549
0.001498
0.954923
0.000000
0.995906
0.784690
0.991264
0.002206
0.000002
0.000006
0.973610
0.782135
0.033166
0.677209
0.231255
0.995519
0.807449
0.997986
0.999599
0.194525
0.861472
0.112273
0.380369
0.022529
0.014436
0.038491
0.890817
0.175736
0.890073
0.001140
0.993823
0.721239
0.054231
0.970760
0.983154
0.958769
0.973996
0.953328
0.879698
0.935733
0.735162
0.001376
0.547057
0.047182
0.992346
0.339829
0.240518
0.980092
0.967027
0.960858
0.161877
0.966311
0.997156
0.007538
0.961849
0.731987
0.356887
0.650170
0.969893
0.997310
0.049882
0.268876
0.821810
0.100986
0.085427
0.000608
0.343211
0.432989
0.133345
0.018011
0.078666
0.260778
0.997474
0.594312
0.008296
